0.0000 0.0000
0.0040 0.0054
0.0080 0.0108
0.0120 0.0161
0.0160 0.0215
0.0200 0.0268
0.0240 0.0321
0.0280 0.0373
0.0320 0.0426
0.0360 0.0478
0.0400 0.0530
0.0440 0.0582
0.0480 0.0634
0.0520 0.0685
0.0560 0.0737
0.0600 0.0788
0.0640 0.0839
0.0680 0.0889
0.0720 0.0940
0.0760 0.0990
0.0800 0.1040
0.0840 0.1090
0.0880 0.1139
0.0920 0.1189
0.0960 0.1238
0.1000 0.1287
0.1040 0.1336
0.1080 0.1385
0.1120 0.1433
0.1160 0.1481
0.1200 0.1529
0.1240 0.1577
0.1280 0.1625
0.1320 0.1673
0.1360 0.1720
0.1400 0.1767
0.1440 0.1814
0.1480 0.1861
0.1520 0.1907
0.1560 0.1954
0.1600 0.2000
0.1640 0.2046
0.1680 0.2092
0.1720 0.2137
0.1760 0.2183
0.1800 0.2228
0.1840 0.2273
0.1880 0.2318
0.1920 0.2363
0.1960 0.2407
0.2000 0.2452
0.2040 0.2496
0.2080 0.2540
0.2120 0.2584
0.2160 0.2627
0.2200 0.2671
0.2240 0.2714
0.2280 0.2757
0.2320 0.2800
0.2360 0.2843
0.2400 0.2886
0.2440 0.2928
0.2480 0.2970
0.2520 0.3012
0.2560 0.3054
0.2600 0.3096
0.2640 0.3138
0.2680 0.3179
0.2720 0.3221
0.2760 0.3262
0.2800 0.3303
0.2840 0.3343
0.2880 0.3384
0.2920 0.3425
0.2960 0.3465
0.3000 0.3505
0.3040 0.3545
0.3080 0.3585
0.3120 0.3624
0.3160 0.3664
0.3200 0.3703
0.3240 0.3742
0.3280 0.3781
0.3320 0.3820
0.3360 0.3859
0.3400 0.3898
0.3440 0.3936
0.3480 0.3974
0.3520 0.4012
0.3560 0.4050
0.3600 0.4088
0.3640 0.4126
0.3680 0.4163
0.3720 0.4201
0.3760 0.4238
0.3800 0.4275
0.3840 0.4312
0.3880 0.4349
0.3920 0.4385
0.3960 0.4422
0.4000 0.4458
0.4040 0.4494
0.4080 0.4530
0.4120 0.4566
0.4160 0.4602
0.4200 0.4637
0.4240 0.4673
0.4280 0.4708
0.4320 0.4743
0.4360 0.4778
0.4400 0.4813
0.4440 0.4848
0.4480 0.4883
0.4520 0.4917
0.4560 0.4951
0.4600 0.4986
0.4640 0.5020
0.4680 0.5054
0.4720 0.5087
0.4760 0.5121
0.4800 0.5154
0.4840 0.5188
0.4880 0.5221
0.4920 0.5254
0.4960 0.5287
0.5000 0.5320
0.5040 0.5353
0.5080 0.5385
0.5120 0.5418
0.5160 0.5450
0.5200 0.5482
0.5240 0.5514
0.5280 0.5546
0.5320 0.5578
0.5360 0.5610
0.5400 0.5641
0.5440 0.5673
0.5480 0.5704
0.5520 0.5735
0.5560 0.5766
0.5600 0.5797
0.5640 0.5828
0.5680 0.5859
0.5720 0.5889
0.5760 0.5920
0.5800 0.5950
0.5840 0.5980
0.5880 0.6010
0.5920 0.6040
0.5960 0.6070
0.6000 0.6100
0.6040 0.6130
0.6080 0.6159
0.6120 0.6188
0.6160 0.6218
0.6200 0.6247
0.6240 0.6276
0.6280 0.6305
0.6320 0.6333
0.6360 0.6362
0.6400 0.6391
0.6440 0.6419
0.6480 0.6447
0.6520 0.6476
0.6560 0.6504
0.6600 0.6532
0.6640 0.6560
0.6680 0.6587
0.6720 0.6615
0.6760 0.6643
0.6800 0.6670
0.6840 0.6697
0.6880 0.6725
0.6920 0.6752
0.6960 0.6779
0.7000 0.6806
0.7040 0.6832
0.7080 0.6859
0.7120 0.6886
0.7160 0.6912
0.7200 0.6938
0.7240 0.6965
0.7280 0.6991
0.7320 0.7017
0.7360 0.7043
0.7400 0.7069
0.7440 0.7094
0.7480 0.7120
0.7520 0.7145
0.7560 0.7171
0.7600 0.7196
0.7640 0.7221
0.7680 0.7246
0.7720 0.7271
0.7760 0.7296
0.7800 0.7321
0.7840 0.7346
0.7880 0.7371
0.7920 0.7395
0.7960 0.7419
0.8000 0.7444
0.8040 0.7468
0.8080 0.7492
0.8120 0.7516
0.8160 0.7540
0.8200 0.7564
0.8240 0.7588
0.8280 0.7611
0.8320 0.7635
0.8360 0.7658
0.8400 0.7682
0.8440 0.7705
0.8480 0.7728
0.8520 0.7751
0.8560 0.7774
0.8600 0.7797
0.8640 0.7820
0.8680 0.7843
0.8720 0.7865
0.8760 0.7888
0.8800 0.7910
0.8840 0.7933
0.8880 0.7955
0.8920 0.7977
0.8960 0.7999
0.9000 0.8021
0.9040 0.8043
0.9080 0.8065
0.9120 0.8087
0.9160 0.8108
0.9200 0.8130
0.9240 0.8151
0.9280 0.8173
0.9320 0.8194
0.9360 0.8215
0.9400 0.8236
0.9440 0.8258
0.9480 0.8278
0.9520 0.8299
0.9560 0.8320
0.9600 0.8341
0.9640 0.8362
0.9680 0.8382
0.9720 0.8403
0.9760 0.8423
0.9800 0.8443
0.9840 0.8463
0.9880 0.8484
0.9920 0.8504
0.9960 0.8524
1.0000 0.8544
1.0040 0.8563
1.0080 0.8583
1.0120 0.8603
1.0160 0.8622
1.0200 0.8642
1.0240 0.8661
1.0280 0.8681
1.0320 0.8700
1.0360 0.8719
1.0400 0.8738
1.0440 0.8757
1.0480 0.8776
1.0520 0.8795
1.0560 0.8814
1.0600 0.8833
1.0640 0.8851
1.0680 0.8870
1.0720 0.8889
1.0760 0.8907
1.0800 0.8925
1.0840 0.8944
1.0880 0.8962
1.0920 0.8980
1.0960 0.8998
1.1000 0.9016
1.1040 0.9034
1.1080 0.9052
1.1120 0.9070
1.1160 0.9087
1.1200 0.9105
1.1240 0.9123
1.1280 0.9140
1.1320 0.9158
1.1360 0.9175
1.1400 0.9192
1.1440 0.9210
1.1480 0.9227
1.1520 0.9244
1.1560 0.9261
1.1600 0.9278
1.1640 0.9295
1.1680 0.9311
1.1720 0.9328
1.1760 0.9345
1.1800 0.9362
1.1840 0.9378
1.1880 0.9395
1.1920 0.9411
1.1960 0.9427
1.2000 0.9444
1.2040 0.9460
1.2080 0.9476
1.2120 0.9492
1.2160 0.9508
1.2200 0.9524
1.2240 0.9540
1.2280 0.9556
1.2320 0.9572
1.2360 0.9587
1.2400 0.9603
1.2440 0.9619
1.2480 0.9634
1.2520 0.9650
1.2560 0.9665
1.2600 0.9680
1.2640 0.9696
1.2680 0.9711
1.2720 0.9726
1.2760 0.9741
1.2800 0.9756
1.2840 0.9771
1.2880 0.9786
1.2920 0.9801
1.2960 0.9816
1.3000 0.9830
1.3040 0.9845
1.3080 0.9860
1.3120 0.9874
1.3160 0.9889
1.3200 0.9903
1.3240 0.9918
1.3280 0.9932
1.3320 0.9946
1.3360 0.9960
1.3400 0.9975
1.3440 0.9989
1.3480 1.0000
1.3480 0.0000
1.3520 0.0036
1.3560 0.0072
1.3600 0.0108
1.3640 0.0143
1.3680 0.0179
1.3720 0.0214
1.3760 0.0249
1.3800 0.0285
1.3840 0.0320
1.3880 0.0355
1.3920 0.0389
1.3960 0.0424
1.4000 0.0459
1.4040 0.0493
1.4080 0.0528
1.4120 0.0562
1.4160 0.0596
1.4200 0.0630
1.4240 0.0664
1.4280 0.0698
1.4320 0.0731
1.4360 0.0765
1.4400 0.0798
1.4440 0.0832
1.4480 0.0865
1.4520 0.0898
1.4560 0.0931
1.4600 0.0964
1.4640 0.0997
1.4680 0.1030
1.4720 0.1062
1.4760 0.1095
1.4800 0.1127
1.4840 0.1159
1.4880 0.1191
1.4920 0.1223
1.4960 0.1255
1.5000 0.1287
1.5040 0.1319
1.5080 0.1351
1.5120 0.1382
1.5160 0.1414
1.5200 0.1445
1.5240 0.1476
1.5280 0.1507
1.5320 0.1538
1.5360 0.1569
1.5400 0.1600
1.5440 0.1631
1.5480 0.1661
1.5520 0.1692
1.5560 0.1722
1.5600 0.1753
1.5640 0.1783
1.5680 0.1813
1.5720 0.1843
1.5760 0.1873
1.5800 0.1903
1.5840 0.1932
1.5880 0.1962
1.5920 0.1992
1.5960 0.2021
1.6000 0.2050
1.6040 0.2080
1.6080 0.2109
1.6120 0.2138
1.6160 0.2167
1.6200 0.2196
1.6240 0.2225
1.6280 0.2253
1.6320 0.2282
1.6360 0.2310
1.6400 0.2339
1.6440 0.2367
1.6480 0.2395
1.6520 0.2423
1.6560 0.2451
1.6600 0.2479
1.6640 0.2507
1.6680 0.2535
1.6720 0.2563
1.6760 0.2590
1.6800 0.2618
1.6840 0.2645
1.6880 0.2673
1.6920 0.2700
1.6960 0.2727
1.7000 0.2754
1.7040 0.2781
1.7080 0.2808
1.7120 0.2835
1.7160 0.2861
1.7200 0.2888
1.7240 0.2915
1.7280 0.2941
1.7320 0.2967
1.7360 0.2994
1.7400 0.3020
1.7440 0.3046
1.7480 0.3072
1.7520 0.3098
1.7560 0.3124
1.7600 0.3150
1.7640 0.3175
1.7680 0.3201
1.7720 0.3227
1.7760 0.3252
1.7800 0.3277
1.7840 0.3303
1.7880 0.3328
1.7920 0.3353
1.7960 0.3378
1.8000 0.3403
1.8040 0.3428
1.8080 0.3453
1.8120 0.3478
1.8160 0.3502
1.8200 0.3527
1.8240 0.3551
1.8280 0.3576
1.8320 0.3600
1.8360 0.3625
1.8400 0.3649
1.8440 0.3673
1.8480 0.3697
1.8520 0.3721
1.8560 0.3745
1.8600 0.3769
1.8640 0.3792
1.8680 0.3816
1.8720 0.3840
1.8760 0.3863
1.8800 0.3887
1.8840 0.3910
1.8880 0.3933
1.8920 0.3957
1.8960 0.3980
1.9000 0.4003
1.9040 0.4026
1.9080 0.4049
1.9120 0.4072
1.9160 0.4094
1.9200 0.4117
1.9240 0.4140
1.9280 0.4162
1.9320 0.4185
1.9360 0.4207
1.9400 0.4230
1.9440 0.4252
1.9480 0.4274
1.9520 0.4296
1.9560 0.4319
1.9600 0.4341
1.9640 0.4363
1.9680 0.4384
1.9720 0.4406
1.9760 0.4428
1.9800 0.4450
1.9840 0.4471
1.9880 0.4493
1.9920 0.4514
1.9960 0.4536
2.0000 0.4557
2.0040 0.4578
2.0080 0.4600
2.0120 0.4621
2.0160 0.4642
2.0200 0.4663
2.0240 0.4684
2.0280 0.4705
2.0320 0.4726
2.0360 0.4746
2.0400 0.4767
2.0440 0.4788
2.0480 0.4808
2.0520 0.4829
2.0560 0.4849
2.0600 0.4870
2.0640 0.4890
2.0680 0.4910
2.0720 0.4930
2.0760 0.4951
2.0800 0.4971
2.0840 0.4991
2.0880 0.5011
2.0920 0.5031
2.0960 0.5050
2.1000 0.5070
2.1040 0.5090
2.1080 0.5110
2.1120 0.5129
2.1160 0.5149
2.1200 0.5168
2.1240 0.5188
2.1280 0.5207
2.1320 0.5226
2.1360 0.5245
2.1400 0.5265
2.1440 0.5284
2.1480 0.5303
2.1520 0.5322
2.1560 0.5341
2.1600 0.5360
2.1640 0.5378
2.1680 0.5397
2.1720 0.5416
2.1760 0.5435
2.1800 0.5453
2.1840 0.5472
2.1880 0.5490
2.1920 0.5509
2.1960 0.5527
2.2000 0.5545
2.2040 0.5564
2.2080 0.5582
2.2120 0.5600
2.2160 0.5618
2.2200 0.5636
2.2240 0.5654
2.2280 0.5672
2.2320 0.5690
2.2360 0.5708
2.2400 0.5726
2.2440 0.5743
2.2480 0.5761
2.2520 0.5779
2.2560 0.5796
2.2600 0.5814
2.2640 0.5831
2.2680 0.5849
2.2720 0.5866
2.2760 0.5883
2.2800 0.5901
2.2840 0.5918
2.2880 0.5935
2.2920 0.5952
2.2960 0.5969
2.3000 0.5986
2.3040 0.6003
2.3080 0.6020
2.3120 0.6037
2.3160 0.6054
2.3200 0.6070
2.3240 0.6087
2.3280 0.6104
2.3320 0.6120
2.3360 0.6137
2.3400 0.6153
2.3440 0.6170
2.3480 0.6186
2.3520 0.6203
2.3560 0.6219
2.3600 0.6235
2.3640 0.6251
2.3680 0.6268
2.3720 0.6284
2.3760 0.6300
2.3800 0.6316
2.3840 0.6332
2.3880 0.6348
2.3920 0.6364
2.3960 0.6379
2.4000 0.6395
2.4040 0.6411
2.4080 0.6427
2.4120 0.6442
2.4160 0.6458
2.4200 0.6474
2.4240 0.6489
2.4280 0.6505
2.4320 0.6520
2.4360 0.6535
2.4400 0.6551
2.4440 0.6566
2.4480 0.6581
2.4520 0.6596
2.4560 0.6612
2.4600 0.6627
2.4640 0.6642
2.4680 0.6657
2.4720 0.6672
2.4760 0.6687
2.4800 0.6702
2.4840 0.6716
2.4880 0.6731
2.4920 0.6746
2.4960 0.6761
2.5000 0.6775
2.5040 0.6790
2.5080 0.6805
2.5120 0.6819
2.5160 0.6834
2.5200 0.6848
2.5240 0.6863
2.5280 0.6877
2.5320 0.6891
2.5360 0.6906
2.5400 0.6920
2.5440 0.6934
2.5480 0.6948
2.5520 0.6963
2.5560 0.6977
2.5600 0.6991
2.5640 0.7005
2.5680 0.7019
2.5720 0.7033
2.5760 0.7047
2.5800 0.7060
2.5840 0.7074
2.5880 0.7088
2.5920 0.7102
2.5960 0.7115
2.6000 0.7129
2.6040 0.7143
2.6080 0.7156
2.6120 0.7170
2.6160 0.7183
2.6200 0.7197
2.6240 0.7210
2.6280 0.7224
2.6320 0.7237
2.6360 0.7250
2.6400 0.7264
2.6440 0.7277
2.6480 0.7290
2.6520 0.7303
2.6560 0.7316
2.6600 0.7330
2.6640 0.7343
2.6680 0.7356
2.6720 0.7369
2.6760 0.7382
2.6800 0.7394
2.6840 0.7407
2.6880 0.7420
2.6920 0.7433
2.6960 0.7446
2.7000 0.7459
2.7040 0.7471
2.7080 0.7484
2.7120 0.7497
2.7160 0.7509
2.7200 0.7522
2.7240 0.7534
2.7280 0.7547
2.7320 0.7559
2.7360 0.7572
2.7400 0.7584
2.7440 0.7596
2.7480 0.7609
2.7520 0.7621
2.7560 0.7633
2.7600 0.7645
2.7640 0.7658
2.7680 0.7670
2.7720 0.7682
2.7760 0.7694
2.7800 0.7706
2.7840 0.7718
2.7880 0.7730
2.7920 0.7742
2.7960 0.7754
2.8000 0.7766
2.8040 0.7777
2.8080 0.7789
2.8120 0.7801
2.8160 0.7813
2.8200 0.7825
2.8240 0.7836
2.8280 0.7848
2.8320 0.7860
2.8360 0.7871
2.8400 0.7883
2.8440 0.7894
2.8480 0.7906
2.8520 0.7917
2.8560 0.7929
2.8600 0.7940
2.8640 0.7951
2.8680 0.7963
2.8720 0.7974
2.8760 0.7985
2.8800 0.7997
2.8840 0.8008
2.8880 0.8019
2.8920 0.8030
2.8960 0.8041
2.9000 0.8052
2.9040 0.8063
2.9080 0.8074
2.9120 0.8085
2.9160 0.8096
2.9200 0.8107
2.9240 0.8118
2.9280 0.8129
2.9320 0.8140
2.9360 0.8151
2.9400 0.8162
2.9440 0.8172
2.9480 0.8183
2.9520 0.8194
2.9560 0.8205
2.9600 0.8215
2.9640 0.8226
2.9680 0.8236
2.9720 0.8247
2.9760 0.8257
2.9800 0.8268
2.9840 0.8278
2.9880 0.8289
2.9920 0.8299
2.9960 0.8310
3.0000 0.8320
3.0040 0.8330
3.0080 0.8341
3.0120 0.8351
3.0160 0.8361
3.0200 0.8372
3.0240 0.8382
3.0280 0.8392
3.0320 0.8402
3.0360 0.8412
3.0400 0.8422
3.0440 0.8432
3.0480 0.8442
3.0520 0.8453
3.0560 0.8463
3.0600 0.8472
3.0640 0.8482
3.0680 0.8492
3.0720 0.8502
3.0760 0.8512
3.0800 0.8522
3.0840 0.8532
3.0880 0.8542
3.0920 0.8551
3.0960 0.8561
3.1000 0.8571
3.1040 0.8580
3.1080 0.8590
3.1120 0.8600
3.1160 0.8609
3.1200 0.8619
3.1240 0.8628
3.1280 0.8638
3.1320 0.8647
3.1360 0.8657
3.1400 0.8666
3.1440 0.8676
3.1480 0.8685
3.1520 0.8695
3.1560 0.8704
3.1600 0.8713
3.1640 0.8723
3.1680 0.8732
3.1720 0.8741
3.1760 0.8750
3.1800 0.8760
3.1840 0.8769
3.1880 0.8778
3.1920 0.8787
3.1960 0.8796
3.2000 0.8805
3.2040 0.8814
3.2080 0.8823
3.2120 0.8833
3.2160 0.8842
3.2200 0.8851
3.2240 0.8859
3.2280 0.8868
3.2320 0.8877
3.2360 0.8886
3.2400 0.8895
3.2440 0.8904
3.2480 0.8913
3.2520 0.8922
3.2560 0.8930
3.2600 0.8939
3.2640 0.8948
3.2680 0.8957
3.2720 0.8965
3.2760 0.8974
3.2800 0.8982
3.2840 0.8991
3.2880 0.9000
3.2920 0.9008
3.2960 0.9017
3.3000 0.9025
3.3040 0.9034
3.3080 0.9042
3.3120 0.9051
3.3160 0.9059
3.3200 0.9068
3.3240 0.9076
3.3280 0.9085
3.3320 0.9093
3.3360 0.9101
3.3400 0.9110
3.3440 0.9118
3.3480 0.9126
3.3520 0.9134
3.3560 0.9143
3.3600 0.9151
3.3640 0.9159
3.3680 0.9167
3.3720 0.9175
3.3760 0.9183
3.3800 0.9192
3.3840 0.9200
3.3880 0.9208
3.3920 0.9216
3.3960 0.9224
3.4000 0.9232
3.4040 0.9240
3.4080 0.9248
3.4120 0.9256
3.4160 0.9264
3.4200 0.9272
3.4240 0.9280
3.4280 0.9287
3.4320 0.9295
3.4360 0.9303
3.4400 0.9311
3.4440 0.9319
3.4480 0.9327
3.4520 0.9334
3.4560 0.9342
3.4600 0.9350
3.4640 0.9357
3.4680 0.9365
3.4720 0.9373
3.4760 0.9380
3.4800 0.9388
3.4840 0.9396
3.4880 0.9403
3.4920 0.9411
3.4960 0.9418
3.5000 0.9426
3.5040 0.9433
3.5080 0.9441
3.5120 0.9448
3.5160 0.9456
3.5200 0.9463
3.5240 0.9471
3.5280 0.9478
3.5320 0.9486
3.5360 0.9493
3.5400 0.9500
3.5440 0.9508
3.5480 0.9515
3.5520 0.9522
3.5560 0.9529
3.5600 0.9537
3.5640 0.9544
3.5680 0.9551
3.5720 0.9558
3.5760 0.9566
3.5800 0.9573
3.5840 0.9580
3.5880 0.9587
3.5920 0.9594
3.5960 0.9601
3.6000 0.9608
3.6040 0.9615
3.6080 0.9623
3.6120 0.9630
3.6160 0.9637
3.6200 0.9644
3.6240 0.9651
3.6280 0.9658
3.6320 0.9665
3.6360 0.9671
3.6400 0.9678
3.6440 0.9685
3.6480 0.9692
3.6520 0.9699
3.6560 0.9706
3.6600 0.9713
3.6640 0.9720
3.6680 0.9726
3.6720 0.9733
3.6760 0.9740
3.6800 0.9747
3.6840 0.9753
3.6880 0.9760
3.6920 0.9767
3.6960 0.9774
3.7000 0.9780
3.7040 0.9787
3.7080 0.9794
3.7120 0.9800
3.7160 0.9807
3.7200 0.9813
3.7240 0.9820
3.7280 0.9827
3.7320 0.9833
3.7360 0.9840
3.7400 0.9846
3.7440 0.9853
3.7480 0.9859
3.7520 0.9866
3.7560 0.9872
3.7600 0.9879
3.7640 0.9885
3.7680 0.9891
3.7720 0.9898
3.7760 0.9904
3.7800 0.9911
3.7840 0.9917
3.7880 0.9923
3.7920 0.9930
3.7960 0.9936
3.8000 0.9942
3.8040 0.9949
3.8080 0.9955
3.8120 0.9961
3.8160 0.9967
3.8200 0.9974
3.8240 0.9980
3.8280 0.9986
3.8320 0.9992
3.8360 0.9998
3.8400 1.0000
3.8400 0.0000
3.8440 0.0028
3.8480 0.0056
3.8520 0.0084
3.8560 0.0112
3.8600 0.0140
3.8640 0.0168
3.8680 0.0195
3.8720 0.0223
3.8760 0.0251
3.8800 0.0278
3.8840 0.0306
3.8880 0.0333
3.8920 0.0360
3.8960 0.0387
3.9000 0.0414
3.9040 0.0441
3.9080 0.0468
3.9120 0.0495
3.9160 0.0522
3.9200 0.0549
3.9240 0.0575
3.9280 0.0602
3.9320 0.0628
3.9360 0.0655
3.9400 0.0681
3.9440 0.0707
3.9480 0.0734
3.9520 0.0760
3.9560 0.0786
3.9600 0.0812
3.9640 0.0838
3.9680 0.0864
3.9720 0.0889
3.9760 0.0915
3.9800 0.0941
3.9840 0.0966
3.9880 0.0992
3.9920 0.1017
3.9960 0.1043
4.0000 0.1068
4.0040 0.1093
4.0080 0.1118
4.0120 0.1143
4.0160 0.1169
4.0200 0.1193
4.0240 0.1218
4.0280 0.1243
4.0320 0.1268
4.0360 0.1293
4.0400 0.1317
4.0440 0.1342
4.0480 0.1366
4.0520 0.1391
4.0560 0.1415
4.0600 0.1439
4.0640 0.1464
4.0680 0.1488
4.0720 0.1512
4.0760 0.1536
4.0800 0.1560
4.0840 0.1584
4.0880 0.1608
4.0920 0.1631
4.0960 0.1655
4.1000 0.1679
4.1040 0.1702
4.1080 0.1726
4.1120 0.1749
4.1160 0.1773
4.1200 0.1796
4.1240 0.1819
4.1280 0.1843
4.1320 0.1866
4.1360 0.1889
4.1400 0.1912
4.1440 0.1935
4.1480 0.1958
4.1520 0.1981
4.1560 0.2003
4.1600 0.2026
4.1640 0.2049
4.1680 0.2071
4.1720 0.2094
4.1760 0.2117
4.1800 0.2139
4.1840 0.2161
4.1880 0.2184
4.1920 0.2206
4.1960 0.2228
4.2000 0.2250
4.2040 0.2272
4.2080 0.2294
4.2120 0.2316
4.2160 0.2338
4.2200 0.2360
4.2240 0.2382
4.2280 0.2404
4.2320 0.2425
4.2360 0.2447
4.2400 0.2469
4.2440 0.2490
4.2480 0.2511
4.2520 0.2533
4.2560 0.2554
4.2600 0.2576
4.2640 0.2597
4.2680 0.2618
4.2720 0.2639
4.2760 0.2660
4.2800 0.2681
4.2840 0.2702
4.2880 0.2723
4.2920 0.2744
4.2960 0.2765
4.3000 0.2785
4.3040 0.2806
4.3080 0.2827
4.3120 0.2847
4.3160 0.2868
4.3200 0.2888
4.3240 0.2909
4.3280 0.2929
4.3320 0.2950
4.3360 0.2970
4.3400 0.2990
4.3440 0.3010
4.3480 0.3030
4.3520 0.3050
4.3560 0.3070
4.3600 0.3090
4.3640 0.3110
4.3680 0.3130
4.3720 0.3150
4.3760 0.3170
4.3800 0.3189
4.3840 0.3209
4.3880 0.3229
4.3920 0.3248
4.3960 0.3268
4.4000 0.3287
4.4040 0.3307
4.4080 0.3326
4.4120 0.3345
4.4160 0.3365
4.4200 0.3384
4.4240 0.3403
4.4280 0.3422
4.4320 0.3441
4.4360 0.3460
4.4400 0.3479
4.4440 0.3498
4.4480 0.3517
4.4520 0.3536
4.4560 0.3555
4.4600 0.3573
4.4640 0.3592
4.4680 0.3611
4.4720 0.3629
4.4760 0.3648
4.4800 0.3666
4.4840 0.3685
4.4880 0.3703
4.4920 0.3722
4.4960 0.3740
4.5000 0.3758
4.5040 0.3776
4.5080 0.3795
4.5120 0.3813
4.5160 0.3831
4.5200 0.3849
4.5240 0.3867
4.5280 0.3885
4.5320 0.3903
4.5360 0.3921
4.5400 0.3939
4.5440 0.3956
4.5480 0.3974
4.5520 0.3992
4.5560 0.4009
4.5600 0.4027
4.5640 0.4045
4.5680 0.4062
4.5720 0.4080
4.5760 0.4097
4.5800 0.4114
4.5840 0.4132
4.5880 0.4149
4.5920 0.4166
4.5960 0.4184
4.6000 0.4201
4.6040 0.4218
4.6080 0.4235
4.6120 0.4252
4.6160 0.4269
4.6200 0.4286
4.6240 0.4303
4.6280 0.4320
4.6320 0.4337
4.6360 0.4354
4.6400 0.4370
4.6440 0.4387
4.6480 0.4404
4.6520 0.4420
4.6560 0.4437
4.6600 0.4454
4.6640 0.4470
4.6680 0.4487
4.6720 0.4503
4.6760 0.4519
4.6800 0.4536
4.6840 0.4552
4.6880 0.4568
4.6920 0.4585
4.6960 0.4601
4.7000 0.4617
4.7040 0.4633
4.7080 0.4649
4.7120 0.4665
4.7160 0.4681
4.7200 0.4697
4.7240 0.4713
4.7280 0.4729
4.7320 0.4745
4.7360 0.4761
4.7400 0.4777
4.7440 0.4793
4.7480 0.4808
4.7520 0.4824
4.7560 0.4840
4.7600 0.4855
4.7640 0.4871
4.7680 0.4886
4.7720 0.4902
4.7760 0.4917
4.7800 0.4933
4.7840 0.4948
4.7880 0.4963
4.7920 0.4979
4.7960 0.4994
4.8000 0.5009
4.8040 0.5024
4.8080 0.5040
4.8120 0.5055
4.8160 0.5070
4.8200 0.5085
4.8240 0.5100
4.8280 0.5115
4.8320 0.5130
4.8360 0.5145
4.8400 0.5160
4.8440 0.5174
4.8480 0.5189
4.8520 0.5204
4.8560 0.5219
4.8600 0.5234
4.8640 0.5248
4.8680 0.5263
4.8720 0.5277
4.8760 0.5292
4.8800 0.5307
4.8840 0.5321
4.8880 0.5336
4.8920 0.5350
4.8960 0.5364
4.9000 0.5379
4.9040 0.5393
4.9080 0.5407
4.9120 0.5422
4.9160 0.5436
4.9200 0.5450
4.9240 0.5464
4.9280 0.5478
4.9320 0.5493
4.9360 0.5507
4.9400 0.5521
4.9440 0.5535
4.9480 0.5549
4.9520 0.5563
4.9560 0.5577
4.9600 0.5590
4.9640 0.5604
4.9680 0.5618
4.9720 0.5632
4.9760 0.5646
4.9800 0.5659
4.9840 0.5673
4.9880 0.5687
4.9920 0.5700
4.9960 0.5714
5.0000 0.5728
5.0040 0.5741
5.0080 0.5755
5.0120 0.5768
5.0160 0.5782
5.0200 0.5795
5.0240 0.5808
5.0280 0.5822
5.0320 0.5835
5.0360 0.5848
5.0400 0.5862
5.0440 0.5875
5.0480 0.5888
5.0520 0.5901
5.0560 0.5914
5.0600 0.5928
5.0640 0.5941
5.0680 0.5954
5.0720 0.5967
5.0760 0.5980
5.0800 0.5993
5.0840 0.6006
5.0880 0.6019
5.0920 0.6031
5.0960 0.6044
5.1000 0.6057
5.1040 0.6070
5.1080 0.6083
5.1120 0.6095
5.1160 0.6108
5.1200 0.6121
5.1240 0.6133
5.1280 0.6146
5.1320 0.6159
5.1360 0.6171
5.1400 0.6184
5.1440 0.6196
5.1480 0.6209
5.1520 0.6221
5.1560 0.6234
5.1600 0.6246
5.1640 0.6259
5.1680 0.6271
5.1720 0.6283
5.1760 0.6295
5.1800 0.6308
5.1840 0.6320
5.1880 0.6332
5.1920 0.6344
5.1960 0.6357
5.2000 0.6369
5.2040 0.6381
5.2080 0.6393
5.2120 0.6405
5.2160 0.6417
5.2200 0.6429
5.2240 0.6441
5.2280 0.6453
5.2320 0.6465
5.2360 0.6477
5.2400 0.6489
5.2440 0.6500
5.2480 0.6512
5.2520 0.6524
5.2560 0.6536
5.2600 0.6548
5.2640 0.6559
5.2680 0.6571
5.2720 0.6583
5.2760 0.6594
5.2800 0.6606
5.2840 0.6618
5.2880 0.6629
5.2920 0.6641
5.2960 0.6652
5.3000 0.6664
5.3040 0.6675
5.3080 0.6687
5.3120 0.6698
5.3160 0.6709
5.3200 0.6721
5.3240 0.6732
5.3280 0.6743
5.3320 0.6755
5.3360 0.6766
5.3400 0.6777
5.3440 0.6788
5.3480 0.6800
5.3520 0.6811
5.3560 0.6822
5.3600 0.6833
5.3640 0.6844
5.3680 0.6855
5.3720 0.6866
5.3760 0.6877
5.3800 0.6888
5.3840 0.6899
5.3880 0.6910
5.3920 0.6921
5.3960 0.6932
5.4000 0.6943
5.4040 0.6954
5.4080 0.6965
5.4120 0.6976
5.4160 0.6986
5.4200 0.6997
5.4240 0.7008
5.4280 0.7019
5.4320 0.7029
5.4360 0.7040
5.4400 0.7051
5.4440 0.7061
5.4480 0.7072
5.4520 0.7083
5.4560 0.7093
5.4600 0.7104
5.4640 0.7114
5.4680 0.7125
5.4720 0.7135
5.4760 0.7146
5.4800 0.7156
5.4840 0.7167
5.4880 0.7177
5.4920 0.7187
5.4960 0.7198
5.5000 0.7208
5.5040 0.7218
5.5080 0.7229
5.5120 0.7239
5.5160 0.7249
5.5200 0.7259
5.5240 0.7270
5.5280 0.7280
5.5320 0.7290
5.5360 0.7300
5.5400 0.7310
5.5440 0.7320
5.5480 0.7330
5.5520 0.7341
5.5560 0.7351
5.5600 0.7361
5.5640 0.7371
5.5680 0.7381
5.5720 0.7391
5.5760 0.7400
5.5800 0.7410
5.5840 0.7420
5.5880 0.7430
5.5920 0.7440
5.5960 0.7450
5.6000 0.7460
5.6040 0.7469
5.6080 0.7479
5.6120 0.7489
5.6160 0.7499
5.6200 0.7508
5.6240 0.7518
5.6280 0.7528
5.6320 0.7537
5.6360 0.7547
5.6400 0.7557
5.6440 0.7566
5.6480 0.7576
5.6520 0.7585
5.6560 0.7595
5.6600 0.7605
5.6640 0.7614
5.6680 0.7624
5.6720 0.7633
5.6760 0.7642
5.6800 0.7652
5.6840 0.7661
5.6880 0.7671
5.6920 0.7680
5.6960 0.7689
5.7000 0.7699
5.7040 0.7708
5.7080 0.7717
5.7120 0.7727
5.7160 0.7736
5.7200 0.7745
5.7240 0.7754
5.7280 0.7763
5.7320 0.7773
5.7360 0.7782
5.7400 0.7791
5.7440 0.7800
5.7480 0.7809
5.7520 0.7818
5.7560 0.7827
5.7600 0.7836
5.7640 0.7845
5.7680 0.7854
5.7720 0.7863
5.7760 0.7872
5.7800 0.7881
5.7840 0.7890
5.7880 0.7899
5.7920 0.7908
5.7960 0.7917
5.8000 0.7926
5.8040 0.7935
5.8080 0.7944
5.8120 0.7952
5.8160 0.7961
5.8200 0.7970
5.8240 0.7979
5.8280 0.7988
5.8320 0.7996
5.8360 0.8005
5.8400 0.8014
5.8440 0.8022
5.8480 0.8031
5.8520 0.8040
5.8560 0.8048
5.8600 0.8057
5.8640 0.8066
5.8680 0.8074
5.8720 0.8083
5.8760 0.8091
5.8800 0.8100
5.8840 0.8108
5.8880 0.8117
5.8920 0.8125
5.8960 0.8134
5.9000 0.8142
5.9040 0.8151
5.9080 0.8159
5.9120 0.8167
5.9160 0.8176
5.9200 0.8184
5.9240 0.8193
5.9280 0.8201
5.9320 0.8209
5.9360 0.8218
5.9400 0.8226
5.9440 0.8234
5.9480 0.8242
5.9520 0.8251
5.9560 0.8259
5.9600 0.8267
5.9640 0.8275
5.9680 0.8283
5.9720 0.8292
5.9760 0.8300
5.9800 0.8308
5.9840 0.8316
5.9880 0.8324
5.9920 0.8332
5.9960 0.8340
6.0000 0.8348
6.0040 0.8356
6.0080 0.8364
6.0120 0.8372
6.0160 0.8380
6.0200 0.8388
6.0240 0.8396
6.0280 0.8404
6.0320 0.8412
6.0360 0.8420
6.0400 0.8428
6.0440 0.8436
6.0480 0.8444
6.0520 0.8452
6.0560 0.8459
6.0600 0.8467
6.0640 0.8475
6.0680 0.8483
6.0720 0.8491
6.0760 0.8498
6.0800 0.8506
6.0840 0.8514
6.0880 0.8522
6.0920 0.8529
6.0960 0.8537
6.1000 0.8545
6.1040 0.8552
6.1080 0.8560
6.1120 0.8568
6.1160 0.8575
6.1200 0.8583
6.1240 0.8590
6.1280 0.8598
6.1320 0.8606
6.1360 0.8613
6.1400 0.8621
6.1440 0.8628
6.1480 0.8636
6.1520 0.8643
6.1560 0.8651
6.1600 0.8658
6.1640 0.8666
6.1680 0.8673
6.1720 0.8680
6.1760 0.8688
6.1800 0.8695
6.1840 0.8703
6.1880 0.8710
6.1920 0.8717
6.1960 0.8725
6.2000 0.8732
6.2040 0.8739
6.2080 0.8747
6.2120 0.8754
6.2160 0.8761
6.2200 0.8768
6.2240 0.8776
6.2280 0.8783
6.2320 0.8790
6.2360 0.8797
6.2400 0.8804
6.2440 0.8812
6.2480 0.8819
6.2520 0.8826
6.2560 0.8833
6.2600 0.8840
6.2640 0.8847
6.2680 0.8854
6.2720 0.8861
6.2760 0.8869
6.2800 0.8876
6.2840 0.8883
6.2880 0.8890
6.2920 0.8897
6.2960 0.8904
6.3000 0.8911
6.3040 0.8918
6.3080 0.8925
6.3120 0.8932
6.3160 0.8939
6.3200 0.8946
6.3240 0.8952
6.3280 0.8959
6.3320 0.8966
6.3360 0.8973
6.3400 0.8980
6.3440 0.8987
6.3480 0.8994
6.3520 0.9001
6.3560 0.9007
6.3600 0.9014
6.3640 0.9021
6.3680 0.9028
6.3720 0.9035
6.3760 0.9041
6.3800 0.9048
6.3840 0.9055
6.3880 0.9061
6.3920 0.9068
6.3960 0.9075
6.4000 0.9082
6.4040 0.9088
6.4080 0.9095
6.4120 0.9102
6.4160 0.9108
6.4200 0.9115
6.4240 0.9121
6.4280 0.9128
6.4320 0.9135
6.4360 0.9141
6.4400 0.9148
6.4440 0.9154
6.4480 0.9161
6.4520 0.9167
6.4560 0.9174
6.4600 0.9180
6.4640 0.9187
6.4680 0.9193
6.4720 0.9200
6.4760 0.9206
6.4800 0.9213
6.4840 0.9219
6.4880 0.9226
6.4920 0.9232
6.4960 0.9238
6.5000 0.9245
6.5040 0.9251
6.5080 0.9258
6.5120 0.9264
6.5160 0.9270
6.5200 0.9277
6.5240 0.9283
6.5280 0.9289
6.5320 0.9296
6.5360 0.9302
6.5400 0.9308
6.5440 0.9314
6.5480 0.9321
6.5520 0.9327
6.5560 0.9333
6.5600 0.9339
6.5640 0.9346
6.5680 0.9352
6.5720 0.9358
6.5760 0.9364
6.5800 0.9370
6.5840 0.9376
6.5880 0.9383
6.5920 0.9389
6.5960 0.9395
6.6000 0.9401
6.6040 0.9407
6.6080 0.9413
6.6120 0.9419
6.6160 0.9425
6.6200 0.9431
6.6240 0.9437
6.6280 0.9444
6.6320 0.9450
6.6360 0.9456
6.6400 0.9462
6.6440 0.9468
6.6480 0.9474
6.6520 0.9480
6.6560 0.9486
6.6600 0.9491
6.6640 0.9497
6.6680 0.9503
6.6720 0.9509
6.6760 0.9515
6.6800 0.9521
6.6840 0.9527
6.6880 0.9533
6.6920 0.9539
6.6960 0.9545
6.7000 0.9550
6.7040 0.9556
6.7080 0.9562
6.7120 0.9568
6.7160 0.9574
6.7200 0.9580
6.7240 0.9585
6.7280 0.9591
6.7320 0.9597
6.7360 0.9603
6.7400 0.9608
6.7440 0.9614
6.7480 0.9620
6.7520 0.9626
6.7560 0.9631
6.7600 0.9637
6.7640 0.9643
6.7680 0.9648
6.7720 0.9654
6.7760 0.9660
6.7800 0.9665
6.7840 0.9671
6.7880 0.9677
6.7920 0.9682
6.7960 0.9688
6.8000 0.9694
6.8040 0.9699
6.8080 0.9705
6.8120 0.9710
6.8160 0.9716
6.8200 0.9721
6.8240 0.9727
6.8280 0.9733
6.8320 0.9738
6.8360 0.9744
6.8400 0.9749
6.8440 0.9755
6.8480 0.9760
6.8520 0.9766
6.8560 0.9771
6.8600 0.9777
6.8640 0.9782
6.8680 0.9787
6.8720 0.9793
6.8760 0.9798
6.8800 0.9804
6.8840 0.9809
6.8880 0.9815
6.8920 0.9820
6.8960 0.9825
6.9000 0.9831
6.9040 0.9836
6.9080 0.9841
6.9120 0.9847
6.9160 0.9852
6.9200 0.9857
6.9240 0.9863
6.9280 0.9868
6.9320 0.9873
6.9360 0.9879
6.9400 0.9884
6.9440 0.9889
6.9480 0.9895
6.9520 0.9900
6.9560 0.9905
6.9600 0.9910
6.9640 0.9916
6.9680 0.9921
6.9720 0.9926
6.9760 0.9931
6.9800 0.9936
6.9840 0.9942
6.9880 0.9947
6.9920 0.9952
6.9960 0.9957
7.0000 0.9962
7.0040 0.9967
7.0080 0.9973
7.0120 0.9978
7.0160 0.9983
7.0200 0.9988
7.0240 0.9993
7.0280 0.9998
7.0320 1.0000
7.0320 0.0000
7.0360 0.0027
7.0400 0.0054
7.0440 0.0081
7.0480 0.0108
7.0520 0.0135
7.0560 0.0161
7.0600 0.0188
7.0640 0.0215
7.0680 0.0241
7.0720 0.0268
7.0760 0.0294
7.0800 0.0320
7.0840 0.0347
7.0880 0.0373
7.0920 0.0399
7.0960 0.0425
7.1000 0.0451
7.1040 0.0477
7.1080 0.0503
7.1120 0.0528
7.1160 0.0554
7.1200 0.0580
7.1240 0.0605
7.1280 0.0631
7.1320 0.0656
7.1360 0.0681
7.1400 0.0707
7.1440 0.0732
7.1480 0.0757
7.1520 0.0782
7.1560 0.0807
7.1600 0.0832
7.1640 0.0857
7.1680 0.0882
7.1720 0.0907
7.1760 0.0931
7.1800 0.0956
7.1840 0.0980
7.1880 0.1005
7.1920 0.1029
7.1960 0.1054
7.2000 0.1078
7.2040 0.1102
7.2080 0.1126
7.2120 0.1151
7.2160 0.1175
7.2200 0.1199
7.2240 0.1223
7.2280 0.1246
7.2320 0.1270
7.2360 0.1294
7.2400 0.1318
7.2440 0.1341
7.2480 0.1365
7.2520 0.1388
7.2560 0.1412
7.2600 0.1435
7.2640 0.1459
7.2680 0.1482
7.2720 0.1505
7.2760 0.1528
7.2800 0.1551
7.2840 0.1574
7.2880 0.1597
7.2920 0.1620
7.2960 0.1643
7.3000 0.1666
7.3040 0.1688
7.3080 0.1711
7.3120 0.1734
7.3160 0.1756
7.3200 0.1779
7.3240 0.1801
7.3280 0.1824
7.3320 0.1846
7.3360 0.1868
7.3400 0.1890
7.3440 0.1913
7.3480 0.1935
7.3520 0.1957
7.3560 0.1979
7.3600 0.2001
7.3640 0.2022
7.3680 0.2044
7.3720 0.2066
7.3760 0.2088
7.3800 0.2109
7.3840 0.2131
7.3880 0.2153
7.3920 0.2174
7.3960 0.2196
7.4000 0.2217
7.4040 0.2238
7.4080 0.2260
7.4120 0.2281
7.4160 0.2302
7.4200 0.2323
7.4240 0.2344
7.4280 0.2365
7.4320 0.2386
7.4360 0.2407
7.4400 0.2428
7.4440 0.2449
7.4480 0.2469
7.4520 0.2490
7.4560 0.2511
7.4600 0.2531
7.4640 0.2552
7.4680 0.2572
7.4720 0.2593
7.4760 0.2613
7.4800 0.2634
7.4840 0.2654
7.4880 0.2674
7.4920 0.2694
7.4960 0.2714
7.5000 0.2734
7.5040 0.2755
7.5080 0.2775
7.5120 0.2794
7.5160 0.2814
7.5200 0.2834
7.5240 0.2854
7.5280 0.2874
7.5320 0.2893
7.5360 0.2913
7.5400 0.2933
7.5440 0.2952
7.5480 0.2972
7.5520 0.2991
7.5560 0.3011
7.5600 0.3030
7.5640 0.3049
7.5680 0.3069
7.5720 0.3088
7.5760 0.3107
7.5800 0.3126
7.5840 0.3145
7.5880 0.3164
7.5920 0.3183
7.5960 0.3202
7.6000 0.3221
7.6040 0.3240
7.6080 0.3259
7.6120 0.3277
7.6160 0.3296
7.6200 0.3315
7.6240 0.3333
7.6280 0.3352
7.6320 0.3371
7.6360 0.3389
7.6400 0.3407
7.6440 0.3426
7.6480 0.3444
7.6520 0.3463
7.6560 0.3481
7.6600 0.3499
7.6640 0.3517
7.6680 0.3535
7.6720 0.3553
7.6760 0.3572
7.6800 0.3590
7.6840 0.3607
7.6880 0.3625
7.6920 0.3643
7.6960 0.3661
7.7000 0.3679
7.7040 0.3697
7.7080 0.3714
7.7120 0.3732
7.7160 0.3750
7.7200 0.3767
7.7240 0.3785
7.7280 0.3802
7.7320 0.3820
7.7360 0.3837
7.7400 0.3855
7.7440 0.3872
7.7480 0.3889
7.7520 0.3906
7.7560 0.3924
7.7600 0.3941
7.7640 0.3958
7.7680 0.3975
7.7720 0.3992
7.7760 0.4009
7.7800 0.4026
7.7840 0.4043
7.7880 0.4060
7.7920 0.4077
7.7960 0.4093
7.8000 0.4110
7.8040 0.4127
7.8080 0.4144
7.8120 0.4160
7.8160 0.4177
7.8200 0.4194
7.8240 0.4210
7.8280 0.4227
7.8320 0.4243
7.8360 0.4259
7.8400 0.4276
7.8440 0.4292
7.8480 0.4308
7.8520 0.4325
7.8560 0.4341
7.8600 0.4357
7.8640 0.4373
7.8680 0.4389
7.8720 0.4405
7.8760 0.4422
7.8800 0.4438
7.8840 0.4454
7.8880 0.4469
7.8920 0.4485
7.8960 0.4501
7.9000 0.4517
7.9040 0.4533
7.9080 0.4549
7.9120 0.4564
7.9160 0.4580
7.9200 0.4596
7.9240 0.4611
7.9280 0.4627
7.9320 0.4642
7.9360 0.4658
7.9400 0.4673
7.9440 0.4689
7.9480 0.4704
7.9520 0.4719
7.9560 0.4735
7.9600 0.4750
7.9640 0.4765
7.9680 0.4781
7.9720 0.4796
7.9760 0.4811
7.9800 0.4826
7.9840 0.4841
7.9880 0.4856
7.9920 0.4871
7.9960 0.4886
8.0000 0.4901
8.0040 0.4916
8.0080 0.4931
8.0120 0.4946
8.0160 0.4960
8.0200 0.4975
8.0240 0.4990
8.0280 0.5005
8.0320 0.5019
8.0360 0.5034
8.0400 0.5049
8.0440 0.5063
8.0480 0.5078
8.0520 0.5092
8.0560 0.5107
8.0600 0.5121
8.0640 0.5136
8.0680 0.5150
8.0720 0.5164
8.0760 0.5179
8.0800 0.5193
8.0840 0.5207
8.0880 0.5221
8.0920 0.5236
8.0960 0.5250
8.1000 0.5264
8.1040 0.5278
8.1080 0.5292
8.1120 0.5306
8.1160 0.5320
8.1200 0.5334
8.1240 0.5348
8.1280 0.5362
8.1320 0.5376
8.1360 0.5390
8.1400 0.5404
8.1440 0.5417
8.1480 0.5431
8.1520 0.5445
8.1560 0.5459
8.1600 0.5472
8.1640 0.5486
8.1680 0.5499
8.1720 0.5513
8.1760 0.5527
8.1800 0.5540
8.1840 0.5554
8.1880 0.5567
8.1920 0.5580
8.1960 0.5594
8.2000 0.5607
8.2040 0.5621
8.2080 0.5634
8.2120 0.5647
8.2160 0.5660
8.2200 0.5674
8.2240 0.5687
8.2280 0.5700
8.2320 0.5713
8.2360 0.5726
8.2400 0.5739
8.2440 0.5752
8.2480 0.5765
8.2520 0.5778
8.2560 0.5791
8.2600 0.5804
8.2640 0.5817
8.2680 0.5830
8.2720 0.5843
8.2760 0.5856
8.2800 0.5869
8.2840 0.5881
8.2880 0.5894
8.2920 0.5907
8.2960 0.5920
8.3000 0.5932
8.3040 0.5945
8.3080 0.5958
8.3120 0.5970
8.3160 0.5983
8.3200 0.5995
8.3240 0.6008
8.3280 0.6020
8.3320 0.6033
8.3360 0.6045
8.3400 0.6058
8.3440 0.6070
8.3480 0.6082
8.3520 0.6095
8.3560 0.6107
8.3600 0.6119
8.3640 0.6131
8.3680 0.6144
8.3720 0.6156
8.3760 0.6168
8.3800 0.6180
8.3840 0.6192
8.3880 0.6204
8.3920 0.6216
8.3960 0.6228
8.4000 0.6240
8.4040 0.6252
8.4080 0.6264
8.4120 0.6276
8.4160 0.6288
8.4200 0.6300
8.4240 0.6312
8.4280 0.6324
8.4320 0.6336
8.4360 0.6347
8.4400 0.6359
8.4440 0.6371
8.4480 0.6383
8.4520 0.6394
8.4560 0.6406
8.4600 0.6418
8.4640 0.6429
8.4680 0.6441
8.4720 0.6452
8.4760 0.6464
8.4800 0.6475
8.4840 0.6487
8.4880 0.6498
8.4920 0.6510
8.4960 0.6521
8.5000 0.6533
8.5040 0.6544
8.5080 0.6555
8.5120 0.6567
8.5160 0.6578
8.5200 0.6589
8.5240 0.6601
8.5280 0.6612
8.5320 0.6623
8.5360 0.6634
8.5400 0.6645
8.5440 0.6657
8.5480 0.6668
8.5520 0.6679
8.5560 0.6690
8.5600 0.6701
8.5640 0.6712
8.5680 0.6723
8.5720 0.6734
8.5760 0.6745
8.5800 0.6756
8.5840 0.6767
8.5880 0.6778
8.5920 0.6789
8.5960 0.6799
8.6000 0.6810
8.6040 0.6821
8.6080 0.6832
8.6120 0.6843
8.6160 0.6853
8.6200 0.6864
8.6240 0.6875
8.6280 0.6885
8.6320 0.6896
8.6360 0.6907
8.6400 0.6917
8.6440 0.6928
8.6480 0.6938
8.6520 0.6949
8.6560 0.6960
8.6600 0.6970
8.6640 0.6981
8.6680 0.6991
8.6720 0.7001
8.6760 0.7012
8.6800 0.7022
8.6840 0.7033
8.6880 0.7043
8.6920 0.7053
8.6960 0.7064
8.7000 0.7074
8.7040 0.7084
8.7080 0.7095
8.7120 0.7105
8.7160 0.7115
8.7200 0.7125
8.7240 0.7135
8.7280 0.7145
8.7320 0.7156
8.7360 0.7166
8.7400 0.7176
8.7440 0.7186
8.7480 0.7196
8.7520 0.7206
8.7560 0.7216
8.7600 0.7226
8.7640 0.7236
8.7680 0.7246
8.7720 0.7256
8.7760 0.7266
8.7800 0.7276
8.7840 0.7286
8.7880 0.7295
8.7920 0.7305
8.7960 0.7315
8.8000 0.7325
8.8040 0.7335
8.8080 0.7344
8.8120 0.7354
8.8160 0.7364
8.8200 0.7374
8.8240 0.7383
8.8280 0.7393
8.8320 0.7403
8.8360 0.7412
8.8400 0.7422
8.8440 0.7431
8.8480 0.7441
8.8520 0.7451
8.8560 0.7460
8.8600 0.7470
8.8640 0.7479
8.8680 0.7489
8.8720 0.7498
8.8760 0.7507
8.8800 0.7517
8.8840 0.7526
8.8880 0.7536
8.8920 0.7545
8.8960 0.7554
8.9000 0.7564
8.9040 0.7573
8.9080 0.7582
8.9120 0.7592
8.9160 0.7601
8.9200 0.7610
8.9240 0.7619
8.9280 0.7629
8.9320 0.7638
8.9360 0.7647
8.9400 0.7656
8.9440 0.7665
8.9480 0.7674
8.9520 0.7683
8.9560 0.7692
8.9600 0.7702
8.9640 0.7711
8.9680 0.7720
8.9720 0.7729
8.9760 0.7738
8.9800 0.7747
8.9840 0.7756
8.9880 0.7765
8.9920 0.7773
8.9960 0.7782
9.0000 0.7791
9.0040 0.7800
9.0080 0.7809
9.0120 0.7818
9.0160 0.7827
9.0200 0.7835
9.0240 0.7844
9.0280 0.7853
9.0320 0.7862
9.0360 0.7871
9.0400 0.7879
9.0440 0.7888
9.0480 0.7897
9.0520 0.7905
9.0560 0.7914
9.0600 0.7923
9.0640 0.7931
9.0680 0.7940
9.0720 0.7948
9.0760 0.7957
9.0800 0.7966
9.0840 0.7974
9.0880 0.7983
9.0920 0.7991
9.0960 0.8000
9.1000 0.8008
9.1040 0.8017
9.1080 0.8025
9.1120 0.8034
9.1160 0.8042
9.1200 0.8050
9.1240 0.8059
9.1280 0.8067
9.1320 0.8075
9.1360 0.8084
9.1400 0.8092
9.1440 0.8100
9.1480 0.8109
9.1520 0.8117
9.1560 0.8125
9.1600 0.8134
9.1640 0.8142
9.1680 0.8150
9.1720 0.8158
9.1760 0.8166
9.1800 0.8175
9.1840 0.8183
9.1880 0.8191
9.1920 0.8199
9.1960 0.8207
9.2000 0.8215
9.2040 0.8223
9.2080 0.8231
9.2120 0.8239
9.2160 0.8247
9.2200 0.8255
9.2240 0.8263
9.2280 0.8271
9.2320 0.8279
9.2360 0.8287
9.2400 0.8295
9.2440 0.8303
9.2480 0.8311
9.2520 0.8319
9.2560 0.8327
9.2600 0.8335
9.2640 0.8343
9.2680 0.8351
9.2720 0.8358
9.2760 0.8366
9.2800 0.8374
9.2840 0.8382
9.2880 0.8390
9.2920 0.8397
9.2960 0.8405
9.3000 0.8413
9.3040 0.8421
9.3080 0.8428
9.3120 0.8436
9.3160 0.8444
9.3200 0.8451
9.3240 0.8459
9.3280 0.8467
9.3320 0.8474
9.3360 0.8482
9.3400 0.8489
9.3440 0.8497
9.3480 0.8505
9.3520 0.8512
9.3560 0.8520
9.3600 0.8527
9.3640 0.8535
9.3680 0.8542
9.3720 0.8550
9.3760 0.8557
9.3800 0.8565
9.3840 0.8572
9.3880 0.8579
9.3920 0.8587
9.3960 0.8594
9.4000 0.8602
9.4040 0.8609
9.4080 0.8616
9.4120 0.8624
9.4160 0.8631
9.4200 0.8638
9.4240 0.8646
9.4280 0.8653
9.4320 0.8660
9.4360 0.8668
9.4400 0.8675
9.4440 0.8682
9.4480 0.8689
9.4520 0.8697
9.4560 0.8704
9.4600 0.8711
9.4640 0.8718
9.4680 0.8725
9.4720 0.8733
9.4760 0.8740
9.4800 0.8747
9.4840 0.8754
9.4880 0.8761
9.4920 0.8768
9.4960 0.8775
9.5000 0.8782
9.5040 0.8789
9.5080 0.8796
9.5120 0.8803
9.5160 0.8810
9.5200 0.8817
9.5240 0.8824
9.5280 0.8831
9.5320 0.8838
9.5360 0.8845
9.5400 0.8852
9.5440 0.8859
9.5480 0.8866
9.5520 0.8873
9.5560 0.8880
9.5600 0.8887
9.5640 0.8894
9.5680 0.8901
9.5720 0.8907
9.5760 0.8914
9.5800 0.8921
9.5840 0.8928
9.5880 0.8935
9.5920 0.8941
9.5960 0.8948
9.6000 0.8955
9.6040 0.8962
9.6080 0.8969
9.6120 0.8975
9.6160 0.8982
9.6200 0.8989
9.6240 0.8995
9.6280 0.9002
9.6320 0.9009
9.6360 0.9015
9.6400 0.9022
9.6440 0.9029
9.6480 0.9035
9.6520 0.9042
9.6560 0.9049
9.6600 0.9055
9.6640 0.9062
9.6680 0.9068
9.6720 0.9075
9.6760 0.9081
9.6800 0.9088
9.6840 0.9094
9.6880 0.9101
9.6920 0.9107
9.6960 0.9114
9.7000 0.9120
9.7040 0.9127
9.7080 0.9133
9.7120 0.9140
9.7160 0.9146
9.7200 0.9153
9.7240 0.9159
9.7280 0.9165
9.7320 0.9172
9.7360 0.9178
9.7400 0.9185
9.7440 0.9191
9.7480 0.9197
9.7520 0.9204
9.7560 0.9210
9.7600 0.9216
9.7640 0.9223
9.7680 0.9229
9.7720 0.9235
9.7760 0.9241
9.7800 0.9248
9.7840 0.9254
9.7880 0.9260
9.7920 0.9266
9.7960 0.9273
9.8000 0.9279
9.8040 0.9285
9.8080 0.9291
9.8120 0.9297
9.8160 0.9303
9.8200 0.9310
9.8240 0.9316
9.8280 0.9322
9.8320 0.9328
9.8360 0.9334
9.8400 0.9340
9.8440 0.9346
9.8480 0.9352
9.8520 0.9358
9.8560 0.9365
9.8600 0.9371
9.8640 0.9377
9.8680 0.9383
9.8720 0.9389
9.8760 0.9395
9.8800 0.9401
9.8840 0.9407
9.8880 0.9413
9.8920 0.9419
9.8960 0.9425
9.9000 0.9431
9.9040 0.9436
9.9080 0.9442
9.9120 0.9448
9.9160 0.9454
9.9200 0.9460
9.9240 0.9466
9.9280 0.9472
9.9320 0.9478
9.9360 0.9484
9.9400 0.9490
9.9440 0.9495
9.9480 0.9501
9.9520 0.9507
9.9560 0.9513
9.9600 0.9519
9.9640 0.9524
9.9680 0.9530
9.9720 0.9536
9.9760 0.9542
9.9800 0.9547
9.9840 0.9553
9.9880 0.9559
9.9920 0.9565
9.9960 0.9570
10.0000 0.9576
10.0040 0.9582
10.0080 0.9587
10.0120 0.9593
10.0160 0.9599
10.0200 0.9604
10.0240 0.9610
10.0280 0.9616
10.0320 0.9621
10.0360 0.9627
10.0400 0.9633
10.0440 0.9638
10.0480 0.9644
10.0520 0.9649
10.0560 0.9655
10.0600 0.9661
10.0640 0.9666
10.0680 0.9672
10.0720 0.9677
10.0760 0.9683
10.0800 0.9688
10.0840 0.9694
10.0880 0.9699
10.0920 0.9705
10.0960 0.9710
10.1000 0.9716
10.1040 0.9721
10.1080 0.9727
10.1120 0.9732
10.1160 0.9738
10.1200 0.9743
10.1240 0.9748
10.1280 0.9754
10.1320 0.9759
10.1360 0.9765
10.1400 0.9770
10.1440 0.9775
10.1480 0.9781
10.1520 0.9786
10.1560 0.9791
10.1600 0.9797
10.1640 0.9802
10.1680 0.9807
10.1720 0.9813
10.1760 0.9818
10.1800 0.9823
10.1840 0.9829
10.1880 0.9834
10.1920 0.9839
10.1960 0.9844
10.2000 0.9850
10.2040 0.9855
10.2080 0.9860
10.2120 0.9865
10.2160 0.9871
10.2200 0.9876
10.2240 0.9881
10.2280 0.9886
10.2320 0.9891
10.2360 0.9897
10.2400 0.9902
10.2440 0.9907
10.2480 0.9912
10.2520 0.9917
10.2560 0.9922
10.2600 0.9928
10.2640 0.9933
10.2680 0.9938
10.2720 0.9943
10.2760 0.9948
10.2800 0.9953
10.2840 0.9958
10.2880 0.9963
10.2920 0.9968
10.2960 0.9973
10.3000 0.9978
10.3040 0.9983
10.3080 0.9988
10.3120 0.9993
10.3160 0.9998
10.3200 1.0000
10.3200 0.0000
10.3240 0.0027
10.3280 0.0054
10.3320 0.0081
10.3360 0.0108
10.3400 0.0134
10.3440 0.0161
10.3480 0.0188
10.3520 0.0214
10.3560 0.0241
10.3600 0.0267
10.3640 0.0293
10.3680 0.0319
10.3720 0.0346
10.3760 0.0372
10.3800 0.0398
10.3840 0.0424
10.3880 0.0450
10.3920 0.0475
10.3960 0.0501
10.4000 0.0527
10.4040 0.0552
10.4080 0.0578
10.4120 0.0603
10.4160 0.0629
10.4200 0.0654
10.4240 0.0680
10.4280 0.0705
10.4320 0.0730
10.4360 0.0755
10.4400 0.0780
10.4440 0.0805
10.4480 0.0830
10.4520 0.0855
10.4560 0.0879
10.4600 0.0904
10.4640 0.0929
10.4680 0.0953
10.4720 0.0978
10.4760 0.1002
10.4800 0.1027
10.4840 0.1051
10.4880 0.1075
10.4920 0.1099
10.4960 0.1123
10.5000 0.1148
10.5040 0.1172
10.5080 0.1195
10.5120 0.1219
10.5160 0.1243
10.5200 0.1267
10.5240 0.1291
10.5280 0.1314
10.5320 0.1338
10.5360 0.1361
10.5400 0.1385
10.5440 0.1408
10.5480 0.1431
10.5520 0.1455
10.5560 0.1478
10.5600 0.1501
10.5640 0.1524
10.5680 0.1547
10.5720 0.1570
10.5760 0.1593
10.5800 0.1616
10.5840 0.1639
10.5880 0.1661
10.5920 0.1684
10.5960 0.1707
10.6000 0.1729
10.6040 0.1752
10.6080 0.1774
10.6120 0.1797
10.6160 0.1819
10.6200 0.1841
10.6240 0.1863
10.6280 0.1886
10.6320 0.1908
10.6360 0.1930
10.6400 0.1952
10.6440 0.1974
10.6480 0.1996
10.6520 0.2017
10.6560 0.2039
10.6600 0.2061
10.6640 0.2083
10.6680 0.2104
10.6720 0.2126
10.6760 0.2147
10.6800 0.2169
10.6840 0.2190
10.6880 0.2211
10.6920 0.2233
10.6960 0.2254
10.7000 0.2275
10.7040 0.2296
10.7080 0.2317
10.7120 0.2338
10.7160 0.2359
10.7200 0.2380
10.7240 0.2401
10.7280 0.2422
10.7320 0.2443
10.7360 0.2463
10.7400 0.2484
10.7440 0.2505
10.7480 0.2525
10.7520 0.2546
10.7560 0.2566
10.7600 0.2586
10.7640 0.2607
10.7680 0.2627
10.7720 0.2647
10.7760 0.2668
10.7800 0.2688
10.7840 0.2708
10.7880 0.2728
10.7920 0.2748
10.7960 0.2768
10.8000 0.2788
10.8040 0.2808
10.8080 0.2827
10.8120 0.2847
10.8160 0.2867
10.8200 0.2887
10.8240 0.2906
10.8280 0.2926
10.8320 0.2945
10.8360 0.2965
10.8400 0.2984
10.8440 0.3003
10.8480 0.3023
10.8520 0.3042
10.8560 0.3061
10.8600 0.3080
10.8640 0.3100
10.8680 0.3119
10.8720 0.3138
10.8760 0.3157
10.8800 0.3176
10.8840 0.3195
10.8880 0.3214
10.8920 0.3232
10.8960 0.3251
10.9000 0.3270
10.9040 0.3288
10.9080 0.3307
10.9120 0.3326
10.9160 0.3344
10.9200 0.3363
10.9240 0.3381
10.9280 0.3400
10.9320 0.3418
10.9360 0.3436
10.9400 0.3455
10.9440 0.3473
10.9480 0.3491
10.9520 0.3509
10.9560 0.3527
10.9600 0.3545
10.9640 0.3563
10.9680 0.3581
10.9720 0.3599
10.9760 0.3617
10.9800 0.3635
10.9840 0.3653
10.9880 0.3671
10.9920 0.3688
10.9960 0.3706
11.0000 0.3724
11.0040 0.3741
11.0080 0.3759
11.0120 0.3776
11.0160 0.3794
11.0200 0.3811
11.0240 0.3829
11.0280 0.3846
11.0320 0.3863
11.0360 0.3880
11.0400 0.3898
11.0440 0.3915
11.0480 0.3932
11.0520 0.3949
11.0560 0.3966
11.0600 0.3983
11.0640 0.4000
11.0680 0.4017
11.0720 0.4034
11.0760 0.4051
11.0800 0.4068
11.0840 0.4085
11.0880 0.4101
11.0920 0.4118
11.0960 0.4135
11.1000 0.4151
11.1040 0.4168
11.1080 0.4184
11.1120 0.4201
11.1160 0.4217
11.1200 0.4234
11.1240 0.4250
11.1280 0.4267
11.1320 0.4283
11.1360 0.4299
11.1400 0.4315
11.1440 0.4332
11.1480 0.4348
11.1520 0.4364
11.1560 0.4380
11.1600 0.4396
11.1640 0.4412
11.1680 0.4428
11.1720 0.4444
11.1760 0.4460
11.1800 0.4476
11.1840 0.4492
11.1880 0.4508
11.1920 0.4523
11.1960 0.4539
11.2000 0.4555
11.2040 0.4570
11.2080 0.4586
11.2120 0.4602
11.2160 0.4617
11.2200 0.4633
11.2240 0.4648
11.2280 0.4664
11.2320 0.4679
11.2360 0.4694
11.2400 0.4710
11.2440 0.4725
11.2480 0.4740
11.2520 0.4756
11.2560 0.4771
11.2600 0.4786
11.2640 0.4801
11.2680 0.4816
11.2720 0.4831
11.2760 0.4846
11.2800 0.4861
11.2840 0.4876
11.2880 0.4891
11.2920 0.4906
11.2960 0.4921
11.3000 0.4936
11.3040 0.4950
11.3080 0.4965
11.3120 0.4980
11.3160 0.4995
11.3200 0.5009
11.3240 0.5024
11.3280 0.5039
11.3320 0.5053
11.3360 0.5068
11.3400 0.5082
11.3440 0.5097
11.3480 0.5111
11.3520 0.5125
11.3560 0.5140
11.3600 0.5154
11.3640 0.5168
11.3680 0.5183
11.3720 0.5197
11.3760 0.5211
11.3800 0.5225
11.3840 0.5240
11.3880 0.5254
11.3920 0.5268
11.3960 0.5282
11.4000 0.5296
11.4040 0.5310
11.4080 0.5324
11.4120 0.5338
11.4160 0.5352
11.4200 0.5365
11.4240 0.5379
11.4280 0.5393
11.4320 0.5407
11.4360 0.5421
11.4400 0.5434
11.4440 0.5448
11.4480 0.5462
11.4520 0.5475
11.4560 0.5489
11.4600 0.5503
11.4640 0.5516
11.4680 0.5530
11.4720 0.5543
11.4760 0.5557
11.4800 0.5570
11.4840 0.5583
11.4880 0.5597
11.4920 0.5610
11.4960 0.5623
11.5000 0.5637
11.5040 0.5650
11.5080 0.5663
11.5120 0.5676
11.5160 0.5689
11.5200 0.5703
11.5240 0.5716
11.5280 0.5729
11.5320 0.5742
11.5360 0.5755
11.5400 0.5768
11.5440 0.5781
11.5480 0.5794
11.5520 0.5807
11.5560 0.5819
11.5600 0.5832
11.5640 0.5845
11.5680 0.5858
11.5720 0.5871
11.5760 0.5883
11.5800 0.5896
11.5840 0.5909
11.5880 0.5922
11.5920 0.5934
11.5960 0.5947
11.6000 0.5959
11.6040 0.5972
11.6080 0.5984
11.6120 0.5997
11.6160 0.6009
11.6200 0.6022
11.6240 0.6034
11.6280 0.6047
11.6320 0.6059
11.6360 0.6071
11.6400 0.6084
11.6440 0.6096
11.6480 0.6108
11.6520 0.6120
11.6560 0.6133
11.6600 0.6145
11.6640 0.6157
11.6680 0.6169
11.6720 0.6181
11.6760 0.6193
11.6800 0.6205
11.6840 0.6217
11.6880 0.6229
11.6920 0.6241
11.6960 0.6253
11.7000 0.6265
11.7040 0.6277
11.7080 0.6289
11.7120 0.6301
11.7160 0.6313
11.7200 0.6325
11.7240 0.6336
11.7280 0.6348
11.7320 0.6360
11.7360 0.6372
11.7400 0.6383
11.7440 0.6395
11.7480 0.6407
11.7520 0.6418
11.7560 0.6430
11.7600 0.6441
11.7640 0.6453
11.7680 0.6464
11.7720 0.6476
11.7760 0.6487
11.7800 0.6499
11.7840 0.6510
11.7880 0.6522
11.7920 0.6533
11.7960 0.6544
11.8000 0.6556
11.8040 0.6567
11.8080 0.6578
11.8120 0.6590
11.8160 0.6601
11.8200 0.6612
11.8240 0.6623
11.8280 0.6634
11.8320 0.6646
11.8360 0.6657
11.8400 0.6668
11.8440 0.6679
11.8480 0.6690
11.8520 0.6701
11.8560 0.6712
11.8600 0.6723
11.8640 0.6734
11.8680 0.6745
11.8720 0.6756
11.8760 0.6767
11.8800 0.6777
11.8840 0.6788
11.8880 0.6799
11.8920 0.6810
11.8960 0.6821
11.9000 0.6831
11.9040 0.6842
11.9080 0.6853
11.9120 0.6864
11.9160 0.6874
11.9200 0.6885
11.9240 0.6896
11.9280 0.6906
11.9320 0.6917
11.9360 0.6927
11.9400 0.6938
11.9440 0.6948
11.9480 0.6959
11.9520 0.6969
11.9560 0.6980
11.9600 0.6990
11.9640 0.7001
11.9680 0.7011
11.9720 0.7022
11.9760 0.7032
11.9800 0.7042
11.9840 0.7053
11.9880 0.7063
11.9920 0.7073
11.9960 0.7083
12.0000 0.7094
12.0040 0.7104
12.0080 0.7114
12.0120 0.7124
12.0160 0.7134
12.0200 0.7145
12.0240 0.7155
12.0280 0.7165
12.0320 0.7175
12.0360 0.7185
12.0400 0.7195
12.0440 0.7205
12.0480 0.7215
12.0520 0.7225
12.0560 0.7235
12.0600 0.7245
12.0640 0.7255
12.0680 0.7265
12.0720 0.7274
12.0760 0.7284
12.0800 0.7294
12.0840 0.7304
12.0880 0.7314
12.0920 0.7324
12.0960 0.7333
12.1000 0.7343
12.1040 0.7353
12.1080 0.7363
12.1120 0.7372
12.1160 0.7382
12.1200 0.7392
12.1240 0.7401
12.1280 0.7411
12.1320 0.7420
12.1360 0.7430
12.1400 0.7439
12.1440 0.7449
12.1480 0.7459
12.1520 0.7468
12.1560 0.7478
12.1600 0.7487
12.1640 0.7496
12.1680 0.7506
12.1720 0.7515
12.1760 0.7525
12.1800 0.7534
12.1840 0.7543
12.1880 0.7553
12.1920 0.7562
12.1960 0.7571
12.2000 0.7581
12.2040 0.7590
12.2080 0.7599
12.2120 0.7608
12.2160 0.7618
12.2200 0.7627
12.2240 0.7636
12.2280 0.7645
12.2320 0.7654
12.2360 0.7663
12.2400 0.7672
12.2440 0.7682
12.2480 0.7691
12.2520 0.7700
12.2560 0.7709
12.2600 0.7718
12.2640 0.7727
12.2680 0.7736
12.2720 0.7745
12.2760 0.7754
12.2800 0.7763
12.2840 0.7771
12.2880 0.7780
12.2920 0.7789
12.2960 0.7798
12.3000 0.7807
12.3040 0.7816
12.3080 0.7825
12.3120 0.7833
12.3160 0.7842
12.3200 0.7851
12.3240 0.7860
12.3280 0.7868
12.3320 0.7877
12.3360 0.7886
12.3400 0.7894
12.3440 0.7903
12.3480 0.7912
12.3520 0.7920
12.3560 0.7929
12.3600 0.7938
12.3640 0.7946
12.3680 0.7955
12.3720 0.7963
12.3760 0.7972
12.3800 0.7980
12.3840 0.7989
12.3880 0.7997
12.3920 0.8006
12.3960 0.8014
12.4000 0.8023
12.4040 0.8031
12.4080 0.8040
12.4120 0.8048
12.4160 0.8056
12.4200 0.8065
12.4240 0.8073
12.4280 0.8081
12.4320 0.8090
12.4360 0.8098
12.4400 0.8106
12.4440 0.8115
12.4480 0.8123
12.4520 0.8131
12.4560 0.8139
12.4600 0.8147
12.4640 0.8156
12.4680 0.8164
12.4720 0.8172
12.4760 0.8180
12.4800 0.8188
12.4840 0.8196
12.4880 0.8205
12.4920 0.8213
12.4960 0.8221
12.5000 0.8229
12.5040 0.8237
12.5080 0.8245
12.5120 0.8253
12.5160 0.8261
12.5200 0.8269
12.5240 0.8277
12.5280 0.8285
12.5320 0.8293
12.5360 0.8301
12.5400 0.8308
12.5440 0.8316
12.5480 0.8324
12.5520 0.8332
12.5560 0.8340
12.5600 0.8348
12.5640 0.8356
12.5680 0.8363
12.5720 0.8371
12.5760 0.8379
12.5800 0.8387
12.5840 0.8395
12.5880 0.8402
12.5920 0.8410
12.5960 0.8418
12.6000 0.8425
12.6040 0.8433
12.6080 0.8441
12.6120 0.8448
12.6160 0.8456
12.6200 0.8464
12.6240 0.8471
12.6280 0.8479
12.6320 0.8487
12.6360 0.8494
12.6400 0.8502
12.6440 0.8509
12.6480 0.8517
12.6520 0.8524
12.6560 0.8532
12.6600 0.8539
12.6640 0.8547
12.6680 0.8554
12.6720 0.8562
12.6760 0.8569
12.6800 0.8577
12.6840 0.8584
12.6880 0.8591
12.6920 0.8599
12.6960 0.8606
12.7000 0.8613
12.7040 0.8621
12.7080 0.8628
12.7120 0.8635
12.7160 0.8643
12.7200 0.8650
12.7240 0.8657
12.7280 0.8665
12.7320 0.8672
12.7360 0.8679
12.7400 0.8686
12.7440 0.8694
12.7480 0.8701
12.7520 0.8708
12.7560 0.8715
12.7600 0.8722
12.7640 0.8729
12.7680 0.8737
12.7720 0.8744
12.7760 0.8751
12.7800 0.8758
12.7840 0.8765
12.7880 0.8772
12.7920 0.8779
12.7960 0.8786
12.8000 0.8793
12.8040 0.8800
12.8080 0.8807
12.8120 0.8814
12.8160 0.8821
12.8200 0.8828
12.8240 0.8835
12.8280 0.8842
12.8320 0.8849
12.8360 0.8856
12.8400 0.8863
12.8440 0.8870
12.8480 0.8877
12.8520 0.8884
12.8560 0.8890
12.8600 0.8897
12.8640 0.8904
12.8680 0.8911
12.8720 0.8918
12.8760 0.8925
12.8800 0.8931
12.8840 0.8938
12.8880 0.8945
12.8920 0.8952
12.8960 0.8958
12.9000 0.8965
12.9040 0.8972
12.9080 0.8979
12.9120 0.8985
12.9160 0.8992
12.9200 0.8999
12.9240 0.9005
12.9280 0.9012
12.9320 0.9019
12.9360 0.9025
12.9400 0.9032
12.9440 0.9039
12.9480 0.9045
12.9520 0.9052
12.9560 0.9058
12.9600 0.9065
12.9640 0.9071
12.9680 0.9078
12.9720 0.9085
12.9760 0.9091
12.9800 0.9098
12.9840 0.9104
12.9880 0.9111
12.9920 0.9117
12.9960 0.9123
13.0000 0.9130
13.0040 0.9136
13.0080 0.9143
13.0120 0.9149
13.0160 0.9156
13.0200 0.9162
13.0240 0.9168
13.0280 0.9175
13.0320 0.9181
13.0360 0.9188
13.0400 0.9194
13.0440 0.9200
13.0480 0.9207
13.0520 0.9213
13.0560 0.9219
13.0600 0.9225
13.0640 0.9232
13.0680 0.9238
13.0720 0.9244
13.0760 0.9250
13.0800 0.9257
13.0840 0.9263
13.0880 0.9269
13.0920 0.9275
13.0960 0.9282
13.1000 0.9288
13.1040 0.9294
13.1080 0.9300
13.1120 0.9306
13.1160 0.9312
13.1200 0.9318
13.1240 0.9325
13.1280 0.9331
13.1320 0.9337
13.1360 0.9343
13.1400 0.9349
13.1440 0.9355
13.1480 0.9361
13.1520 0.9367
13.1560 0.9373
13.1600 0.9379
13.1640 0.9385
13.1680 0.9391
13.1720 0.9397
13.1760 0.9403
13.1800 0.9409
13.1840 0.9415
13.1880 0.9421
13.1920 0.9427
13.1960 0.9433
13.2000 0.9439
13.2040 0.9445
13.2080 0.9451
13.2120 0.9457
13.2160 0.9463
13.2200 0.9468
13.2240 0.9474
13.2280 0.9480
13.2320 0.9486
13.2360 0.9492
13.2400 0.9498
13.2440 0.9503
13.2480 0.9509
13.2520 0.9515
13.2560 0.9521
13.2600 0.9527
13.2640 0.9532
13.2680 0.9538
13.2720 0.9544
13.2760 0.9550
13.2800 0.9555
13.2840 0.9561
13.2880 0.9567
13.2920 0.9573
13.2960 0.9578
13.3000 0.9584
13.3040 0.9590
13.3080 0.9595
13.3120 0.9601
13.3160 0.9607
13.3200 0.9612
13.3240 0.9618
13.3280 0.9623
13.3320 0.9629
13.3360 0.9635
13.3400 0.9640
13.3440 0.9646
13.3480 0.9651
13.3520 0.9657
13.3560 0.9663
13.3600 0.9668
13.3640 0.9674
13.3680 0.9679
13.3720 0.9685
13.3760 0.9690
13.3800 0.9696
13.3840 0.9701
13.3880 0.9707
13.3920 0.9712
13.3960 0.9718
13.4000 0.9723
13.4040 0.9729
13.4080 0.9734
13.4120 0.9739
13.4160 0.9745
13.4200 0.9750
13.4240 0.9756
13.4280 0.9761
13.4320 0.9766
13.4360 0.9772
13.4400 0.9777
13.4440 0.9783
13.4480 0.9788
13.4520 0.9793
13.4560 0.9799
13.4600 0.9804
13.4640 0.9809
13.4680 0.9815
13.4720 0.9820
13.4760 0.9825
13.4800 0.9830
13.4840 0.9836
13.4880 0.9841
13.4920 0.9846
13.4960 0.9851
13.5000 0.9857
13.5040 0.9862
13.5080 0.9867
13.5120 0.9872
13.5160 0.9878
13.5200 0.9883
13.5240 0.9888
13.5280 0.9893
13.5320 0.9898
13.5360 0.9903
13.5400 0.9909
13.5440 0.9914
13.5480 0.9919
13.5520 0.9924
13.5560 0.9929
13.5600 0.9934
13.5640 0.9939
13.5680 0.9944
13.5720 0.9950
13.5760 0.9955
13.5800 0.9960
13.5840 0.9965
13.5880 0.9970
13.5920 0.9975
13.5960 0.9980
13.6000 0.9985
13.6040 0.9990
13.6080 0.9995
13.6120 1.0000
13.6160 1.0000
13.6160 0.0000
13.6200 0.0027
13.6240 0.0054
13.6280 0.0081
13.6320 0.0108
13.6360 0.0134
13.6400 0.0161
13.6440 0.0188
13.6480 0.0214
13.6520 0.0241
13.6560 0.0267
13.6600 0.0293
13.6640 0.0319
13.6680 0.0346
13.6720 0.0372
13.6760 0.0398
13.6800 0.0424
13.6840 0.0450
13.6880 0.0475
13.6920 0.0501
13.6960 0.0527
13.7000 0.0552
13.7040 0.0578
13.7080 0.0603
13.7120 0.0629
13.7160 0.0654
13.7200 0.0679
13.7240 0.0705
13.7280 0.0730
13.7320 0.0755
13.7360 0.0780
13.7400 0.0805
13.7440 0.0830
13.7480 0.0855
13.7520 0.0879
13.7560 0.0904
13.7600 0.0929
13.7640 0.0953
13.7680 0.0978
13.7720 0.1002
13.7760 0.1027
13.7800 0.1051
13.7840 0.1075
13.7880 0.1099
13.7920 0.1123
13.7960 0.1147
13.8000 0.1171
13.8040 0.1195
13.8080 0.1219
13.8120 0.1243
13.8160 0.1267
13.8200 0.1290
13.8240 0.1314
13.8280 0.1338
13.8320 0.1361
13.8360 0.1385
13.8400 0.1408
13.8440 0.1431
13.8480 0.1455
13.8520 0.1478
13.8560 0.1501
13.8600 0.1524
13.8640 0.1547
13.8680 0.1570
13.8720 0.1593
13.8760 0.1616
13.8800 0.1639
13.8840 0.1661
13.8880 0.1684
13.8920 0.1707
13.8960 0.1729
13.9000 0.1752
13.9040 0.1774
13.9080 0.1796
13.9120 0.1819
13.9160 0.1841
13.9200 0.1863
13.9240 0.1885
13.9280 0.1908
13.9320 0.1930
13.9360 0.1952
13.9400 0.1974
13.9440 0.1995
13.9480 0.2017
13.9520 0.2039
13.9560 0.2061
13.9600 0.2082
13.9640 0.2104
13.9680 0.2126
13.9720 0.2147
13.9760 0.2169
13.9800 0.2190
13.9840 0.2211
13.9880 0.2233
13.9920 0.2254
13.9960 0.2275
14.0000 0.2296
